X	2
1.000000	0.900000
2.000000	0.100000

H	2
1.007825	0.999885
2.014102	0.000115

He	2
3.016029	0.000001
4.002603	0.999999

Li	2
6.015123	0.075900
7.016005	0.924100

Be	1
9.012182	1.000000

B	2
10.012937	0.199000
11.009305	0.801000

C	2
12.000000	0.989300
13.003355	0.010700

N	2
14.003074	0.996360
15.000109	0.003640

O	3
15.994915	0.997570
16.999132	0.000380
17.999161	0.002050

F	1
18.998403	1.000000

Ne	3
19.992440	0.904800
20.993847	0.002700
21.991385	0.092500

Na	1
22.989769	1.000000

Mg	3
23.985042	0.789900
24.985837	0.100000
25.982593	0.110100

Al	1
26.981539	1.000000

Si	3
27.976927	0.922230
28.976495	0.046850
29.973770	0.030920

P	1
30.973762	1.000000

S	4
31.972071	0.949900
32.971459	0.007500
33.967867	0.042500
35.967081	0.000100

Cl	2
34.968853	0.757600
36.965903	0.242400

Ar	3
35.967545	0.003365
37.962732	0.000632
39.962383	0.996003

K	3
38.963707	0.932581
39.963998	0.000117
40.961826	0.067302

Ca	6
39.962591	0.969410
41.958618	0.006470
42.958767	0.001350
43.955482	0.020860
45.953693	0.000040
47.952534	0.001870

Sc	1
44.955912	1.000000

Ti	5
45.952632	0.082500
46.951763	0.074400
47.947946	0.737200
48.947870	0.054100
49.944791	0.051800

V	2
49.947159	0.002500
50.943960	0.997500

Cr	4
49.946044	0.043450
51.940508	0.837890
52.940649	0.095010
53.938880	0.023650

Mn	1
54.938045	1.000000

Fe	4
53.939611	0.058450
55.934938	0.917540
56.935394	0.021190
57.933276	0.002820

Co	1
58.933195	1.000000

Ni	5
57.935343	0.680769
59.930786	0.262231
60.931056	0.011399
61.928345	0.036345
63.927966	0.009256

Cu	2
62.929598	0.691500
64.927790	0.308500

Zn	5
63.929142	0.482680
65.926033	0.279750
66.927127	0.041020
67.924844	0.190240
69.925319	0.006310

Ga	2
68.925574	0.601080
70.924701	0.398920

Ge	5
69.924247	0.203800
71.922076	0.273100
72.923459	0.077600
73.921178	0.367200
75.921403	0.078300

As	1
74.921597	1.000000

Se	6
73.922476	0.008900
75.919214	0.093700
76.919914	0.076300
77.917309	0.237700
79.916521	0.496100
81.916699	0.087300

Br	2
78.918337	0.506900
80.916291	0.493100

Kr	6
77.920365	0.003550
79.916379	0.022860
81.913484	0.115930
82.914136	0.115000
83.911507	0.569870
85.910611	0.172790

Rb	2
84.911790	0.721700
86.909181	0.278300

Sr	4
83.913425	0.005600
85.909260	0.098600
86.908877	0.070000
87.905612	0.825800

Y	1
88.905848	1.000000

Zr	5
89.904704	0.514500
90.905646	0.112200
91.905041	0.171500
93.906315	0.173800
95.908273	0.028000

Nb	1
92.906378	1.000000

Mo	7
91.906811	0.147700
93.905088	0.092300
94.905842	0.159000
95.904680	0.166800
96.906022	0.095600
97.905408	0.241900
99.907477	0.096700

Ru	7
95.907598	0.055400
97.905287	0.018700
98.905939	0.127600
99.904220	0.126000
100.905582	0.170600
101.904349	0.315500
103.905433	0.186200

Rh	1
102.905504	1.000000

Pd	6
101.905609	0.010200
103.904036	0.111400
104.905085	0.223300
105.903486	0.273300
107.903892	0.264600
109.905153	0.117200

Ag	2
106.905097	0.518390
108.904752	0.481610

Cd	8
105.906459	0.012500
107.904184	0.008900
109.903002	0.124900
110.904178	0.128000
111.902758	0.241300
112.904402	0.122200
113.903359	0.287300
115.904756	0.074900

In	2
112.904058	0.042900
114.903878	0.957100

Sn	10
111.904818	0.009700
113.902779	0.006600
114.903342	0.003400
115.901741	0.145400
116.902952	0.076800
117.901603	0.242200
118.903308	0.085900
119.902195	0.325800
121.903439	0.046300
123.905274	0.057900

Sb	2
120.903816	0.572100
122.904214	0.427900

Te	8
119.904020	0.000900
121.903044	0.025500
122.904270	0.008900
123.902818	0.047400
124.904431	0.070700
125.903312	0.188400
127.904463	0.317400
129.906224	0.340800

I	1
126.904473	1.000000

Xe	9
123.905893	0.000952
125.904274	0.000890
127.903531	0.019102
128.904779	0.264006
129.903508	0.040710
130.905082	0.212324
131.904154	0.269086
133.905395	0.104357
135.907219	0.088573

Cs	1
132.905452	1.000000

Ba	7
129.906321	0.001060
131.905061	0.001010
133.904508	0.024170
134.905689	0.065920
135.904576	0.078540
136.905827	0.112320
137.905247	0.716980

La	2
137.907112	0.000900
138.906353	0.999100

Ce	4
135.907172	0.001850
137.905991	0.002510
139.905439	0.884500
141.909244	0.111140

Pr	1
140.907653	1.000000

Nd	7
141.907723	0.272000
142.909814	0.122000
143.910087	0.238000
144.912574	0.083000
145.913117	0.172000
147.916893	0.057000
149.920891	0.056000

Sm	7
143.911999	0.030700
146.914898	0.149900
147.914823	0.112400
148.917185	0.138200
149.917276	0.073800
151.919732	0.267500
153.922209	0.227500

Eu	2
150.919850	0.478100
152.921230	0.521900

Gd	7
151.919791	0.002000
153.920866	0.021800
154.922622	0.148000
155.922123	0.204700
156.923960	0.156500
157.924104	0.248400
159.927054	0.218600

Tb	1
158.925347	1.000000

Dy	7
155.924283	0.000560
157.924409	0.000950
159.925198	0.023290
160.926933	0.188890
161.926798	0.254750
162.928731	0.248960
163.929175	0.282600

Ho	1
164.930322	1.000000

Er	6
161.928778	0.001390
163.929200	0.016010
165.930293	0.335030
166.932048	0.228690
167.932370	0.269780
169.935464	0.149100

Tm	1
168.934213	1.000000

Yb	7
167.933897	0.001300
169.934762	0.030400
170.936326	0.142800
171.936382	0.218300
172.938211	0.161300
173.938862	0.318300
175.942572	0.127600

Lu	2
174.940772	0.974100
175.942686	0.025900

Hf	6
173.940046	0.001600
175.941409	0.052600
176.943221	0.186000
177.943699	0.272800
178.945816	0.136200
179.946550	0.350800

Ta	2
179.947465	0.000120
180.947996	0.999880

W	5
179.946704	0.001200
181.948204	0.265000
182.950223	0.143100
183.950931	0.306400
185.954364	0.284300

Re	2
184.952955	0.374000
186.955753	0.626000

Os	7
183.952489	0.000200
185.953838	0.015900
186.955751	0.019600
187.955838	0.132400
188.958148	0.161500
189.958447	0.262600
191.961481	0.407800

Ir	2
190.960594	0.373000
192.962926	0.627000

Pt	6
189.959932	0.000140
191.961038	0.007820
193.962680	0.329670
194.964791	0.338320
195.964952	0.252420
197.967893	0.071630

Au	1
196.966569	1.000000

Hg	7
195.965833	0.001500
197.966769	0.099700
198.968280	0.168700
199.968326	0.231000
200.970302	0.131800
201.970643	0.298600
203.973494	0.068700

Tl	2
202.972344	0.295200
204.974428	0.704800

Pb	4
203.973044	0.014000
205.974465	0.241000
206.975897	0.221000
207.976652	0.524000

Bi	1
208.980399	1.000000

Th	1
232.038055	1.000000

Pa	1
231.035884	1.000000

U	3
234.040952	0.000054
235.043930	0.007204
238.050788	0.992742

(H2)	1
2.014102	1.000000

(C13)	1
13.003355	1.000000

(N15)	1
15.000109	1.000000

(O18)	1
17.999161	1.000000

